ú 0 0.7323943661971831 3 77 118 181
& 2 1.0352112676056338 8 36 129 183
Ñ 2 1.0352112676056338 9 36 137 183
Ê 0 1.0070422535211268 15 38 116 181
+ -23 0.6690140845070423 11 63 106 158
w 0 0.7323943661971831 0 77 143 181
õ 0 0.7323943661971831 1 77 99 181
p 40 1.028169014084507 13 75 104 221
û 0 0.7323943661971831 13 77 130 181
> -23 0.676056338028169 10 62 106 158
ï 0 0.7323943661971831 13 77 96 181
T 0 1.0070422535211268 4 38 119 181
¹ 0 1.0070422535211268 15 38 207 181
z 0 0.7323943661971831 3 77 96 181
h 0 1.0070422535211268 13 38 98 181
2 0 1.0070422535211268 6 38 101 181
Ô 0 1.0211267605633803 8 36 144 181
Ý 2 1.0352112676056338 7 36 133 183
ó 42 1.028169014084507 3 77 99 223
0 2 1.0211267605633803 8 38 102 183
? -35 1.0211267605633803 8 36 102 181
5 2 1.0070422535211268 8 40 104 183
= -41 0.4225352112676056 11 80 106 140
^ -67 0.5492957746478874 5 36 89 114
X 0 1.0070422535211268 0 38 133 181
Û 0 1.0070422535211268 16 38 161 181
Æ 0 1.0070422535211268 0 38 184 181
( 42 1.3169014084507042 12 36 60 223
r 0 0.7464788732394366 12 75 70 181
V 0 1.0070422535211268 0 38 132 181
P 0 1.0070422535211268 15 38 125 181
y 42 1.028169014084507 3 77 99 223
E 0 1.0070422535211268 15 38 123 181
È 0 1.0070422535211268 15 38 129 181
Â 0 1.0070422535211268 14 38 123 181
å 2 0.7605633802816901 7 75 103 183
k 0 1.0070422535211268 13 38 100 181
m 0 0.7464788732394366 13 75 154 181
1 0 1.0070422535211268 21 38 75 181
ä 29 0.9366197183098591 0 77 111 210
× 0 1.0070422535211268 8 38 118 181
Z 0 1.0070422535211268 4 38 118 181
R 0 1.0070422535211268 15 38 142 181
q 40 1.028169014084507 7 75 97 221
) 42 1.3169014084507042 12 36 60 223
\ 2 1.0352112676056338 0 36 56 183
É 0 1.2464788732394365 15 4 129 181
Ù 40 1.2887323943661972 15 38 181 221
Ö 40 1.2887323943661972 15 38 142 221
À 0 1.0070422535211268 0 38 134 181
g 42 1.0422535211267605 6 75 98 223
ê 0 0.7323943661971831 13 77 89 181
~ -54 0.22535211267605634 8 95 109 127
Ï 0 1.0070422535211268 15 38 129 181
Ü 0 1.0070422535211268 16 38 125 181
Ä 34 1.2464788732394365 0 38 129 215
ß 0 1.0070422535211268 2 38 129 181
a 2 0.7605633802816901 7 75 103 183
Q 11 1.0985915492957747 8 36 149 192
] 40 1.2887323943661972 3 38 43 221
Ë 2 1.0211267605633803 1 38 116 183
M 0 1.0070422535211268 14 38 152 181
u 2 0.7464788732394366 12 77 97 183
ü 0 0.7323943661971831 12 77 99 181
@ 42 1.3169014084507042 10 36 196 223
è 0 0.7323943661971831 13 77 99 181
ñ 2 0.7605633802816901 7 75 99 183
Ì 0 1.0070422535211268 14 38 152 181
/ 2 1.0352112676056338 0 36 56 183
e 2 0.7605633802816901 7 75 103 183
¸ 2 0.9788732394366197 7 44 103 183
o 2 0.7605633802816901 6 75 104 183
x 0 0.7323943661971831 1 77 99 181
. 0 0.14084507042253522 18 161 39 181
ø 0 0.7323943661971831 13 77 147 181
à 2 0.7605633802816901 7 75 103 183
ð 40 1.028169014084507 13 75 104 221
ÿ 0 0.7323943661971831 3 77 95 181
i 0 1.0070422535211268 13 38 31 181
Ø 0 1.0070422535211268 15 38 168 181
O 2 1.0352112676056338 9 36 147 183
< -23 0.676056338028169 10 62 106 158
ý 3 0.7676056338028169 4 75 95 184
[ 40 1.2887323943661972 13 38 53 221
ô 40 1.2887323943661972 7 38 158 221
K 0 1.0070422535211268 14 38 133 181
! 0 1.0070422535211268 17 38 39 181
H 0 1.0070422535211268 16 38 129 181
Ú 0 1.0070422535211268 0 38 152 181
d 2 1.0211267605633803 6 38 97 183
% -69 1.056338028169014 11 36 166 186
L 0 1.0070422535211268 14 38 105 181
ç 2 0.7605633802816901 4 75 85 183
9 2 1.0211267605633803 8 38 103 183
Í 0 1.0070422535211268 16 38 129 181
æ 0 0.7323943661971831 0 77 135 181
Ò 0 1.0070422535211268 4 38 119 181
6 2 1.0211267605633803 7 38 103 183
; 28 0.9295774647887324 16 77 38 209
C 2 1.0352112676056338 9 36 137 183
c 2 0.7605633802816901 7 75 99 183
f 0 1.0211267605633803 1 36 63 181
N 0 1.0070422535211268 15 38 129 181
ë 0 0.7323943661971831 2 77 104 181
Î 2 1.0352112676056338 9 36 147 183
Ð 0 1.0070422535211268 15 38 125 181
í 0 0.7323943661971831 13 77 98 181
Ã 0 1.0070422535211268 15 38 109 181
A 0 1.0070422535211268 0 38 134 181
D 0 1.0070422535211268 15 38 134 181
ù 29 0.9366197183098591 13 77 159 210
{ 42 1.3169014084507042 5 36 63 223
t 2 1.0 3 41 55 183
î 2 0.7605633802816901 6 75 104 183
â 0 0.7323943661971831 13 77 99 181
j 42 1.3028169014084507 0 38 31 223
` -117 0.19014084507042253 8 37 46 64
Ó 2 1.0211267605633803 1 38 127 183
8 2 1.0211267605633803 8 38 103 183
Á 0 1.0070422535211268 16 38 125 181
# 2 1.0352112676056338 2 36 109 183
÷ 0 0.7323943661971831 6 77 91 181
* -84 0.4295774647887324 6 36 71 97
} 42 1.3169014084507042 4 36 62 223
ì 0 0.7323943661971831 13 77 124 181
S 2 1.0352112676056338 9 36 123 183
W 0 1.0070422535211268 2 38 187 181
I 0 1.0070422535211268 18 38 38 181
G 2 1.0352112676056338 10 36 144 183
¨ 0 1.2112676056338028 15 9 123 181
s 2 0.7605633802816901 6 75 93 183
_ 40 0.09154929577464789 0 208 114 221
l 0 1.0070422535211268 12 38 31 181
Ç 2 1.0352112676056338 7 36 113 183
4 0 1.0070422535211268 2 38 102 181
- -43 0.1267605633802817 6 120 61 138
é 0 1.0 13 39 99 181
$ 20 1.2394366197183098 7 25 102 201
ã 0 0.7323943661971831 13 77 73 181
ò 0 0.7323943661971831 3 77 88 181
þ 2 0.7605633802816901 13 75 142 183
F 0 1.0070422535211268 16 38 113 181
: 0 0.7323943661971831 18 77 39 181
Å 0 1.0070422535211268 15 38 123 181
3 2 1.0211267605633803 8 38 103 183
Þ 2 1.0352112676056338 16 36 192 183
B 0 1.0070422535211268 14 38 123 181
Y 0 1.0070422535211268 0 38 132 181
U 2 1.0211267605633803 15 38 129 183
n 0 0.7464788732394366 13 75 98 181
' -92 0.3591549295774648 8 38 29 89
" -92 0.3591549295774648 9 38 62 89
J 2 1.0211267605633803 5 38 85 183
, 28 0.3380281690140845 16 161 38 209
7 0 0.9929577464788732 9 40 103 181
á 2 1.0492957746478873 8 34 107 183
Õ 0 1.0070422535211268 0 38 133 181
ö 29 0.9366197183098591 13 77 109 210
| 42 1.3169014084507042 18 36 34 223
v 0 0.7323943661971831 2 77 98 181
b 2 1.0211267605633803 13 38 104 183